3 10 0 0
3 9 0 1
3 8 0 2
3 7 0 3
3 6 0 4
3 5 0 5
3 4 0 6
2 4 0 7
1 4 0 8
1 3 0 9
1 2 0 10
2 2 0 11
3 2 0 12
4 2 0 13
5 2 0 14
5 3 0 15
5 4 0 16
5 5 0 17
5 6 0 18
6 6 0 19
7 6 0 20
7 5 0 21
7 7 0 21
7 8 0 22
6 8 0 23
5 8 0 24
5 9 0 25
5 10 0 26
6 10 0 27
7 10 0 28
1 5 0 9
1 6 0 10
0 6 0 11
1 7 0 11
1 8 0 12
1 9 0 13
1 10 0 14
3 10 0 0
3 9 0 1
3 8 0 2
3 7 0 3
3 6 0 4
3 5 0 5
3 4 0 6
2 4 0 7
1 4 0 8
1 3 0 9
1 2 0 10
2 2 0 11
3 2 0 12
4 2 0 13
5 2 0 14
5 3 0 15
5 4 0 16
5 5 0 17
5 6 0 18
6 6 0 19
7 6 0 20
7 5 0 21
7 7 0 21
7 8 0 22
6 8 0 23
5 8 0 24
5 9 0 25
5 10 0 26
6 10 0 27
7 10 0 28
1 5 0 9
1 6 0 10
0 6 0 11
1 7 0 11
1 8 0 12
1 9 0 13
1 10 0 14
3 10 0 0
3 9 0 1
3 8 0 2
3 7 0 3
3 6 0 4
3 5 0 5
3 4 0 6
2 4 0 7
1 4 0 8
1 3 0 9
1 2 0 10
2 2 0 11
3 2 0 12
4 2 0 13
5 2 0 14
5 3 0 15
5 4 0 16
5 5 0 17
5 6 0 18
6 6 0 19
7 6 0 20
7 5 0 21
7 7 0 21
7 8 0 22
6 8 0 23
5 8 0 24
5 9 0 25
5 10 0 26
6 10 0 27
7 10 0 28
1 5 0 9
1 6 0 10
0 6 0 11
1 7 0 11
1 8 0 12
1 9 0 13
1 10 0 14
